function mpc = north30_matpower()
% NORTH30_MATPOWER  Power flow data for NORTH30 off-peak system
% MATPOWER case file for 42-bus, 30-generator system

%% MATPOWER Case Format
mpc.version = '2';

%% system MVA base
mpc.baseMVA = 100;

%% bus data
%	bus_i	type	Pd	Qd	Gs	Bs	area	Vm	Va	baseKV	zone	Vmax	Vmin
mpc.bus = [
    1	1	0	0	0	0	1	1.00073153	3.196505885	275	1	1.1	0.9;
    2	1	73.19047847	0	0	0	1	1.001499344	1.730871118	187	1	1.1	0.9;
    3	1	0	0	0	0	1	1.001536476	2.432359464	275	1	1.1	0.9;
    4	1	297.3108767	0	0	0	1	1.000283212	0.942434451	187	1	1.1	0.9;
    5	1	0	0	0	0	1	1.003153556	3.03491297	275	1	1.1	0.9;
    6	1	0	0	0	0	1	1.000581255	2.767756214	275	1	1.1	0.9;
    7	1	0	0	0	0	1	1.00092679	2.993491028	275	1	1.1	0.9;
    8	1	0	0	0	0	1	1.001769635	5.572696633	275	1	1.1	0.9;
    9	1	-17.48453692	0	0	0	1	1.001802029	3.561830627	187	1	1.1	0.9;
    10	1	0	0	0	0	1	1.001488887	6.429668605	275	1	1.1	0.9;
    11	1	56.09717919	0	0	0	1	1.000413445	0.94662891	187	1	1.1	0.9;
    12	1	165.2657514	0	0	0	1	0.999848677	0.690208208	187	1	1.1	0.9;
    13	1	0	0	0	0	1	1.000305305	0.824129618	187	1	1.1	0.9;
    14	1	58.22374156	0	0	0	1	1.000159046	1.887219304	187	1	1.1	0.9;
    15	1	-22.20061577	0	0	0	1	1.000491337	1.947695986	187	1	1.1	0.9;
    16	1	130.6618025	0	0	0	1	0.99993642	2.065803334	187	1	1.1	0.9;
    17	1	48.07396202	0	0	0	1	1.000129139	3.046626154	187	1	1.1	0.9;
    18	1	0	0	0	0	1	1.00023446	3.167986483	187	1	1.1	0.9;
    19	1	0	0	0	0	1	1.001127046	2.183656655	187	1	1.1	0.9;
    20	1	51.67836516	0	0	0	1	0.999740058	1.203952868	187	1	1.1	0.9;
    21	1	194.1521413	0	0	0	1	0.998713158	0.476562148	187	1	1.1	0.9;
    22	1	87.46252258	0	0	0	1	1.000059938	0.835008769	187	1	1.1	0.9;
    23	3	0	0	0	0	1	1	0	275	1	1.1	0.9;
    24	1	0	0	0	0	1	0.999479699	-0.180279869	275	1	1.1	0.9;
    25	1	278.6373176	0	0	0	1	0.999666016	-3.184680336	187	1	1.1	0.9;
    26	1	280.2778275	0	0	0	1	0.997662053	-3.829318582	187	1	1.1	0.9;
    27	1	0	0	0	0	1	1.000104982	-1.765464432	187	1	1.1	0.9;
    28	1	0	0	0	0	1	0.999989451	-2.33907362	187	1	1.1	0.9;
    29	1	212.5660942	0	0	0	1	1.000274996	1.097044984	187	1	1.1	0.9;
    30	1	24.57098967	0	0	0	1	1.000262072	1.075036763	187	1	1.1	0.9;
    31	1	64.11205221	0	0	0	1	1.00008369	1.262722977	187	1	1.1	0.9;
    32	1	0	0	0	0	1	1.000463332	1.104027003	187	1	1.1	0.9;
    33	1	0	0	0	0	1	1.002420015	3.479085883	275	1	1.1	0.9;
    34	1	127.496135	0	0	0	1	1.000756941	2.260518287	187	1	1.1	0.9;
    35	1	0	0	0	0	1	1.000142884	2.648308883	187	1	1.1	0.9;
    36	1	0	0	0	0	1	1.00003128	3.138859157	187	1	1.1	0.9;
    37	1	0	0	0	0	1	1.000022561	3.251348096	187	1	1.1	0.9;
    38	1	-29.56905511	0	0	0	1	1.000071459	3.391346072	187	1	1.1	0.9;
    39	1	0.905409818	0	0	0	1	1.004593584	1.73270464	187	1	1.1	0.9;
    40	1	25.31657139	0	0	0	1	1.000194165	1.481910772	187	1	1.1	0.9;
    41	1	0	0	0	0	1	1.000064267	1.511043856	187	1	1.1	0.9;
    42	1	23.25498953	0	0	0	1	0.99998731	1.546698225	187	1	1.1	0.9;
];

%% generator data
%	bus	Pg	Qg	Qmax	Qmin	Vg	mBase	status	Pmax	Pmin	Pc1	Pc2	Qc1min	Qc1max	Qc2min	Qc2max	ramp_agc	ramp_10	ramp_30	ramp_q	apf
mpc.gen = [
    23	300.3470237	-22.35171854	500	-500	1	100	1	1000	0	0	0	0	0	0	0	0	0	0	0	0;
    6	0	-41.51818125	100	-100	1	100	1	100	0	0	0	0	0	0	0	0	0	0	0	0;
    10	959	-99.92061269	500	-500	1	100	1	1200	0	0	0	0	0	0	0	0	0	0	0	0;
    1	352.5	-51.38298075	200	-200	1	100	1	500	0	0	0	0	0	0	0	0	0	0	0	0;
    7	24	-66.19526367	100	-100	1	100	1	100	0	0	0	0	0	0	0	0	0	0	0	0;
    4	0	-20.22943144	100	-100	1	100	1	100	0	0	0	0	0	0	0	0	0	0	0	0;
    25	33.52631579	23.86387484	100	-100	1	100	1	100	0	0	0	0	0	0	0	0	0	0	0	0;
    28	0	0.753496899	100	-100	1	100	1	100	0	0	0	0	0	0	0	0	0	0	0	0;
    27	0	-7.49871664	100	-100	1	100	1	100	0	0	0	0	0	0	0	0	0	0	0	0;
    13	0	-21.80748771	100	-100	1	100	1	100	0	0	0	0	0	0	0	0	0	0	0	0;
    14	0	-11.36046249	100	-100	1	100	1	100	0	0	0	0	0	0	0	0	0	0	0	0;
    14	90.33260013	-11.3033517	100	-100	1	100	1	200	0	0	0	0	0	0	0	0	0	0	0	0;
    17	80.71644951	-9.178589036	100	-100	1	100	1	150	0	0	0	0	0	0	0	0	0	0	0	0;
    17	11.97368421	-9.223185724	100	-100	1	100	1	50	0	0	0	0	0	0	0	0	0	0	0	0;
    34	-1	-54.06722271	100	-100	1	100	1	100	0	0	0	0	0	0	0	0	0	0	0	0;
    31	30	-5.971591523	100	-100	1	100	1	100	0	0	0	0	0	0	0	0	0	0	0	0;
    42	-14	0.907796136	100	-100	1	100	1	100	0	0	0	0	0	0	0	0	0	0	0	0;
    41	0	-4.590485543	100	-100	1	100	1	100	0	0	0	0	0	0	0	0	0	0	0	0;
    40	5	-13.86871875	100	-100	1	100	1	100	0	0	0	0	0	0	0	0	0	0	0	0;
    37	0	-1.611527692	100	-100	1	100	1	100	0	0	0	0	0	0	0	0	0	0	0	0;
    38	0	-5.104205369	100	-100	1	100	1	100	0	0	0	0	0	0	0	0	0	0	0	0;
    38	-1	-5.10419837	100	-100	1	100	1	100	0	0	0	0	0	0	0	0	0	0	0	0;
    36	-1	-2.23428721	100	-100	1	100	1	100	0	0	0	0	0	0	0	0	0	0	0	0;
    36	0	-2.23429421	100	-100	1	100	1	100	0	0	0	0	0	0	0	0	0	0	0	0;
    35	0	-10.20602842	100	-100	1	100	1	100	0	0	0	0	0	0	0	0	0	0	0	0;
    22	0	-4.281291819	100	-100	1	100	1	100	0	0	0	0	0	0	0	0	0	0	0	0;
    29	208	-19.33981007	200	-200	1	100	1	300	0	0	0	0	0	0	0	0	0	0	0	0;
    31	0	-5.977890996	100	-100	1	100	1	100	0	0	0	0	0	0	0	0	0	0	0	0;
    31	60.95095036	-5.951888039	100	-100	1	100	1	150	0	0	0	0	0	0	0	0	0	0	0	0;
    18	0	-16.74710904	100	-100	1	100	1	100	0	0	0	0	0	0	0	0	0	0	0	0;
];

%% branch data
%	fbus	tbus	r	x	b	rateA	rateB	rateC	ratio	angle	status	angmin	angmax
